[gd_scene load_steps=14 format=3 uid="uid://cji3oj636bqud"]

[ext_resource type="PackedScene" uid="uid://mfn0gjhbf1ak" path="res://player/player.glb" id="1_70xuj"]
[ext_resource type="Script" uid="uid://dki43vwwc5g84" path="res://addons/jigglebones/jigglebone.gd" id="2_65fbn"]
[ext_resource type="Script" uid="uid://dyq5wye7mw5v" path="res://player/player_skeleton_controller.gd" id="2_mstlb"]
[ext_resource type="Texture2D" uid="uid://cwnnsxtlrlnmr" path="res://player/player.png" id="2_nis8b"]
[ext_resource type="PackedScene" uid="uid://cn5plsmm2xrg0" path="res://player/book.tscn" id="4_4xcvv"]

[sub_resource type="StandardMaterial3D" id="StandardMaterial3D_mstlb"]
cull_mode = 2
albedo_texture = ExtResource("2_nis8b")
texture_filter = 0

[sub_resource type="AnimationNodeAnimation" id="AnimationNodeAnimation_4xcvv"]
animation = &"MoveForward"

[sub_resource type="AnimationNodeAnimation" id="AnimationNodeAnimation_mstlb"]
animation = &"MoveBackward"

[sub_resource type="AnimationNodeAnimation" id="AnimationNodeAnimation_b6qoi"]
animation = &"Idle"

[sub_resource type="AnimationNodeAnimation" id="AnimationNodeAnimation_ugfh7"]
animation = &"MoveLeft"

[sub_resource type="AnimationNodeAnimation" id="AnimationNodeAnimation_ldqqv"]
animation = &"MoveRight"

[sub_resource type="AnimationNodeBlendSpace2D" id="AnimationNodeBlendSpace2D_b6qoi"]
blend_point_0/node = SubResource("AnimationNodeAnimation_4xcvv")
blend_point_0/pos = Vector2(0, 1)
blend_point_1/node = SubResource("AnimationNodeAnimation_mstlb")
blend_point_1/pos = Vector2(0, -1)
blend_point_2/node = SubResource("AnimationNodeAnimation_b6qoi")
blend_point_2/pos = Vector2(0, 0)
blend_point_3/node = SubResource("AnimationNodeAnimation_ugfh7")
blend_point_3/pos = Vector2(-1, 0)
blend_point_4/node = SubResource("AnimationNodeAnimation_ldqqv")
blend_point_4/pos = Vector2(1, 0)

[sub_resource type="AnimationNodeBlendTree" id="AnimationNodeBlendTree_4xcvv"]
graph_offset = Vector2(-678, 76)
nodes/MoveBlend/node = SubResource("AnimationNodeBlendSpace2D_b6qoi")
nodes/MoveBlend/position = Vector2(-53, 87)
node_connections = [&"output", 0, &"MoveBlend"]

[node name="player" instance=ExtResource("1_70xuj")]
script = ExtResource("2_mstlb")

[node name="Skeleton3D" parent="Armature" index="0"]
bones/0/position = Vector3(0, 0.868245, 0)
bones/9/rotation = Quaternion(-0.0104512, -0.0365598, -0.201369, 0.978777)
bones/10/rotation = Quaternion(0.506932, -0.32665, -0.361099, 0.711286)
bones/11/rotation = Quaternion(0.0383914, -0.299393, -0.42207, 0.854837)
bones/15/rotation = Quaternion(0.0427299, -0.112223, 0.16694, 0.978627)
bones/16/rotation = Quaternion(0.310195, 0.119913, 0.215176, 0.918204)
bones/17/rotation = Quaternion(0.164613, -0.143138, -0.196364, 0.955958)
bones/18/rotation = Quaternion(-0.0627845, -0.119007, -0.033669, 0.990334)
bones/20/rotation = Quaternion(0.0403798, 0.0533152, 0.997712, -0.00991431)
bones/20/scale = Vector3(1, 1, 1.00001)
bones/21/rotation = Quaternion(-0.121546, 0.000306204, -0.0342711, 0.991994)
bones/24/rotation = Quaternion(0.0456903, 0.055575, 0.997399, 0.00429906)
bones/25/rotation = Quaternion(-0.121637, 0.00132333, 0.0340915, 0.991988)
bones/28/rotation = Quaternion(4.09899e-05, 0.0137361, 0.999896, -0.00443223)
bones/32/position = Vector3(0.310622, 1.12005, 0.259712)
bones/33/position = Vector3(-0.354518, 0.981354, 0.179837)
bones/33/rotation = Quaternion(0.229165, 0.668942, 0.668942, 0.229165)
bones/34/position = Vector3(0.0742249, 0.0230622, -0.00915117)
bones/34/rotation = Quaternion(0.0145479, 0.706957, -0.706957, -0.0145479)
bones/35/position = Vector3(-0.0742249, 0.0230622, -0.00915117)
bones/35/rotation = Quaternion(0.0134143, -0.70698, 0.70698, -0.0134143)
bones/36/position = Vector3(0.142525, 0.452806, 0.751588)
bones/36/rotation = Quaternion(-0.000794889, 0.707106, 0.707106, -0.000794889)
bones/37/position = Vector3(-0.0116916, 0.454745, 0.751588)
bones/37/rotation = Quaternion(-0.000794889, 0.707106, 0.707106, -0.000794889)
bones/38/position = Vector3(0.86561, 0.256208, 0.300649)
bones/38/rotation = Quaternion(0.180928, -0.683568, 0.683568, -0.180928)
bones/39/position = Vector3(-0.390601, 1.16023, -0.499439)
bones/39/rotation = Quaternion(-0.180928, -0.683568, 0.683568, 0.180928)

[node name="Belt" parent="Armature/Skeleton3D" index="0"]
surface_material_override/0 = SubResource("StandardMaterial3D_mstlb")

[node name="Body" parent="Armature/Skeleton3D" index="1"]
surface_material_override/0 = SubResource("StandardMaterial3D_mstlb")

[node name="Boots" parent="Armature/Skeleton3D" index="2"]
surface_material_override/0 = SubResource("StandardMaterial3D_mstlb")

[node name="Cloak" parent="Armature/Skeleton3D" index="3"]
surface_material_override/0 = SubResource("StandardMaterial3D_mstlb")

[node name="Ears" parent="Armature/Skeleton3D" index="4"]
surface_material_override/0 = SubResource("StandardMaterial3D_mstlb")

[node name="Hair" parent="Armature/Skeleton3D" index="5"]
surface_material_override/0 = SubResource("StandardMaterial3D_mstlb")

[node name="Hat" parent="Armature/Skeleton3D" index="6"]
surface_material_override/0 = SubResource("StandardMaterial3D_mstlb")

[node name="HatBelt" parent="Armature/Skeleton3D" index="7"]
surface_material_override/0 = SubResource("StandardMaterial3D_mstlb")

[node name="HatOrnament" parent="Armature/Skeleton3D" index="8"]
surface_material_override/0 = SubResource("StandardMaterial3D_mstlb")

[node name="Head" parent="Armature/Skeleton3D" index="9"]
surface_material_override/0 = SubResource("StandardMaterial3D_mstlb")

[node name="Plane" parent="Armature/Skeleton3D" index="10"]
surface_material_override/0 = SubResource("StandardMaterial3D_mstlb")

[node name="Pouch" parent="Armature/Skeleton3D" index="11"]
surface_material_override/0 = SubResource("StandardMaterial3D_mstlb")

[node name="Shawl_001" parent="Armature/Skeleton3D" index="12"]
surface_material_override/0 = SubResource("StandardMaterial3D_mstlb")

[node name="ShirtEnd" parent="Armature/Skeleton3D" index="13"]
surface_material_override/0 = SubResource("StandardMaterial3D_mstlb")

[node name="JiggleHairUpper" type="Node3D" parent="Armature/Skeleton3D" index="14"]
transform = Transform3D(1, 1.69354e-08, -1.51007e-07, 1.69368e-08, -1, 9.31532e-06, -1.51007e-07, -9.31532e-06, -1, -2.1558e-17, 0.526668, -0.134012)
top_level = true
script = ExtResource("2_65fbn")
bone_name = "UpperHair"
stiffness = 0.1
damping = 5.0
use_gravity = true
forward_axis = 1
metadata/_custom_type_script = "uid://dki43vwwc5g84"

[node name="JiggleHairLower" type="Node3D" parent="Armature/Skeleton3D" index="15"]
transform = Transform3D(1, 3.56488e-08, -2.38142e-07, 3.53941e-08, -1, -0.0010693, -2.3818e-07, 0.0010693, -1, -3.11001e-09, 0.338623, -0.133997)
top_level = true
script = ExtResource("2_65fbn")
bone_name = "LowerHair"
stiffness = 0.1
damping = 5.0
use_gravity = true
forward_axis = 1
metadata/_custom_type_script = "uid://dki43vwwc5g84"

[node name="JiggleCloakUpperR" type="Node3D" parent="Armature/Skeleton3D" index="16"]
transform = Transform3D(-0.99999, -0.00443266, 2.73311e-05, 0.00443262, -0.999896, 0.0137358, -3.35579e-05, 0.0137358, 0.999906, -0.204425, -0.252633, -0.046982)
top_level = true
script = ExtResource("2_65fbn")
bone_name = "UpperCloak.R"
stiffness = 0.2
damping = 0.5
use_gravity = true
forward_axis = 1
metadata/_custom_type_script = "uid://dki43vwwc5g84"

[node name="JiggleCloakLowerR" type="Node3D" parent="Armature/Skeleton3D" index="17"]
transform = Transform3D(-0.999998, 0.00221788, 4.53923e-06, -0.00221786, -0.999974, -0.00687177, -1.07016e-05, -0.00687176, 0.999976, -0.205573, -0.511726, -0.0434228)
top_level = true
script = ExtResource("2_65fbn")
bone_name = "LowerCloak.R"
stiffness = 0.1
damping = 0.5
use_gravity = true
forward_axis = 1
metadata/_custom_type_script = "uid://dki43vwwc5g84"

[node name="JiggleCloakUpperR2" type="Node3D" parent="Armature/Skeleton3D" index="18"]
transform = Transform3D(-0.99999, 0.00443292, 5.15378e-05, -0.00443179, -0.999895, 0.013737, 0.000112427, 0.0137366, 0.999906, 0.204425, -0.252633, -0.046982)
top_level = true
script = ExtResource("2_65fbn")
bone_name = "UpperCloak.L"
stiffness = 0.2
damping = 0.5
use_gravity = true
forward_axis = 1
metadata/_custom_type_script = "uid://dki43vwwc5g84"

[node name="JiggleCloakLowerR2" type="Node3D" parent="Armature/Skeleton3D" index="19"]
transform = Transform3D(-0.999997, -0.00221795, 7.43593e-05, 0.00221739, -0.999974, -0.0068724, 8.96e-05, -0.00687221, 0.999976, 0.205573, -0.511725, -0.0434229)
top_level = true
script = ExtResource("2_65fbn")
bone_name = "LowerCloak.L"
stiffness = 0.1
damping = 0.5
use_gravity = true
forward_axis = 1
metadata/_custom_type_script = "uid://dki43vwwc5g84"

[node name="Jigglehat" type="Node3D" parent="Armature/Skeleton3D" index="20"]
transform = Transform3D(0.967663, 0.183954, 0.172594, 0.0263373, -0.754172, 0.656148, 0.250867, -0.630385, -0.734629, 3.55374e-17, 0.783877, -0.0192055)
top_level = true
script = ExtResource("2_65fbn")
bone_name = "HatTip"
stiffness = 0.5
damping = 1.0
use_gravity = true
forward_axis = 1
metadata/_custom_type_script = "uid://dki43vwwc5g84"

[node name="Book" type="BoneAttachment3D" parent="Armature/Skeleton3D" index="21"]
transform = Transform3D(-0.314292, -0.532966, 0.7856, 0.745745, 0.373465, 0.551714, -0.587439, 0.759257, 0.280079, 0.276496, 1.1435, 0.310144)
bone_name = "Hand.L"
bone_idx = 12

[node name="book" parent="Armature/Skeleton3D/Book" index="0" instance=ExtResource("4_4xcvv")]
transform = Transform3D(-0.26996, -0.958867, -0.0877259, 0.732354, -0.263626, 0.62782, -0.625123, 0.10524, 0.773398, 0.00324461, 0.0715118, 0.0659854)

[node name="AnimationTree" type="AnimationTree" parent="." index="2"]
tree_root = SubResource("AnimationNodeBlendTree_4xcvv")
anim_player = NodePath("../AnimationPlayer")
parameters/MoveBlend/blend_position = Vector2(0, 0)
